id,Status_C,Status_CL,Status_D
7905,0.6941741874768835,0.05940559659244584,0.2464202159306706
7906,0.7753117754575333,0.09778259227659666,0.12690563226587007
7907,0.0996756348468946,0.11192542995868289,0.7883989351944225
7908,0.9541799955939736,0.01823671703804889,0.027583287367977456
7909,0.6133167795664025,0.09350083451732022,0.29318238591627716
7910,0.978524658247603,0.0013333333333333335,0.020142008419063648
7911,0.9861093728271451,0.0025,0.011390627172854958
7912,0.6049146480155592,0.025644170564982516,0.3694411814194583
7913,0.02735271672771673,0.0028846153846153848,0.9697626678876679
7914,0.4134567311087071,0.022454730358304233,0.5640885385329886
7915,0.7128487731280553,0.04473634403399347,0.24241488283795123
7916,0.7299072263151316,0.002905167047105209,0.2671876066377632
7917,0.4533790113701076,0.09998269543835885,0.44663829319153353
7918,0.8104462116794059,0.007217039253652526,0.18233674906694164
7919,0.44849250338988267,0.06364888262997506,0.48785861398014224
7920,0.9399716127202525,0.006122448979591836,0.053905938300155574
7921,0.8678793465958385,0.013080772607550483,0.11903988079661117
7922,0.09269427965327379,0.01938953035715896,0.8879161899895675
7923,0.7221434880349005,0.001282051282051282,0.2765744606830483
7924,0.6232074597919446,0.08511170738935565,0.2916808328186997
7925,0.027251249690159463,0.0,0.9727487503098405
7926,0.6625342775815635,0.007408575031525852,0.33005714738691067
7927,0.6345691995081921,0.12050264620917761,0.2449281542826302
7928,0.04336866929277931,0.08842644101520247,0.8682048896920183
7929,0.8459791490969065,0.03821563800659967,0.11580521289649366
7930,0.21286284562991536,0.18575908630592403,0.6013780680641606
7931,0.8590397971618515,0.018949681712686087,0.1220105211254624
7932,0.1553687718310517,0.05041517263185592,0.7942160555370924
7933,0.5325514005541241,0.029915837815015334,0.43753276163086047
7934,0.9299682721245921,0.014387997160320676,0.05564373071508723
7935,0.9716978690003006,0.0,0.028302130999699394
7936,0.961809012066365,0.00396078431372549,0.034230203619909506
7937,0.4214031792714312,0.02761960492065347,0.5509772158079155
7938,0.9606080836589955,0.008905437352245863,0.03048647898875862
7939,0.3360397532007733,0.09521308833062803,0.5687471584685987
7940,0.7218118338543883,0.1277430278998553,0.15044513824575628
7941,0.07918446381149571,0.022350034462904313,0.8984655017255999
7942,0.9450625830550502,0.011719338898350038,0.04321807804659969
7943,0.14242742834133787,0.017772305116937885,0.8398002665417243
7944,0.9718355881678515,0.0,0.02816441183214859
7945,0.9542547453081456,0.0,0.04574525469185424
7946,0.8597760669127925,0.025801964523351546,0.11442196856385582
7947,0.8418462849845951,0.0,0.1581537150154048
7948,0.23126285568491034,0.03637722969493985,0.7323599146201498
7949,0.03138885644806744,0.008024198257538598,0.960586945294394
7950,0.9622785115798459,0.004483568075117371,0.033237920345036726
7951,0.6941391536629149,0.051794679065578796,0.2540661672715063
7952,0.42648996423839425,0.04587065352112274,0.527639382240483
7953,0.0017857142857142857,0.0,0.9982142857142857
7954,0.7729713002660745,0.006720368239355581,0.2203083314945698
7955,0.37138956781815374,0.08146189519435831,0.547148536987488
7956,0.052439566240447856,0.06560010167497385,0.8819603320845782
7957,0.9400765306122448,0.0020833333333333333,0.057840136054421766
7958,0.0017857142857142857,0.0,0.9982142857142857
7959,0.7592902490610008,0.047899527634318054,0.19281022330468114
7960,0.18835711546802164,0.04322729500939556,0.7684155895225827
7961,0.9426429662774201,0.00946078431372549,0.04789624940885445
7962,0.49475682385996783,0.015759488515205134,0.4894836876248271
7963,0.1726393998602387,0.03268824986610722,0.7946723502736539
7964,0.02898032714412025,0.005128205128205128,0.9658914677276746
7965,0.9563060111507315,0.005620094191522763,0.03807389465774559
7966,0.6435027634146963,0.024551793385707663,0.331945443199596
7967,0.8585832046705019,0.041155638616061294,0.10026115671343674
7968,0.9200000563040295,0.004969696969696969,0.07503024672627374
7969,0.5193345204194884,0.018419620806334986,0.46224585877417673
7970,0.9108125011848005,0.009302584409194218,0.0798849144060054
7971,0.9545794837557384,0.002385964912280702,0.043034551331980954
7972,0.3560089164375992,0.10938623658846054,0.5346048469739404
7973,0.9544378504790403,0.010521739130434781,0.03504041039052481
7974,0.11504824396109907,0.14677102586458884,0.7381807301743121
7975,0.8488895312530491,0.0028296547821165816,0.14828081396483422
7976,0.4134567311087071,0.022454730358304233,0.5640885385329886
7977,0.9546702866264465,0.006122448979591836,0.03920726439396157
7978,0.020773056057866186,0.00759493670886076,0.9716320072332731
7979,0.2350960201563727,0.039805125676027314,0.7250988541675999
7980,0.8481830392929115,0.0056322818982665526,0.1461846788088219
7981,0.715996062903716,0.07035042583674107,0.21365351125954296
7982,0.8265610559197905,0.03247070506454816,0.14096823901566136
7983,0.6530276937976736,0.017641673349371823,0.3293306328529547
7984,0.1458096632800728,0.1222968374550478,0.7318934992648793
7985,0.45221901205760606,0.04688923662022658,0.5008917513221673
7986,0.16330445506816837,0.2606516461661243,0.5760438987657073
7987,0.24629952050292245,0.02574439762433779,0.7279560818727399
7988,0.68369820587261,0.06169345481873808,0.2546083393086521
7989,0.9297292358803986,0.007250000000000001,0.06302076411960132
7990,0.8615646978598784,0.003894407193221772,0.13454089494689975
7991,0.020453730272596844,0.004878048780487805,0.9746682209469155
7992,0.9964373801041381,0.0,0.00356261989586188
7993,0.8561831916937246,0.006824408468244084,0.13699239983803124
7994,0.8398391178662077,0.014498755334281651,0.1456621267995107
7995,0.7218009924977757,0.029870118793090907,0.24832888870913328
7996,0.205549226840206,0.06684152523061007,0.7276092479291838
7997,0.9040633515247876,0.013786313420621931,0.08215033505459035
7998,0.008888888888888889,0.0,0.9911111111111112
7999,0.008888888888888889,0.0,0.9911111111111112
8000,0.8005825915900943,0.04959655474676455,0.14982085366314127
8001,0.8454177923938975,0.03691014014334026,0.11767206746276226
8002,0.18958619367564894,0.03832211143105696,0.772091694893294
8003,0.23622422891081757,0.3067287778669117,0.4570469932222707
8004,0.5620891486351176,0.015557412000319001,0.4223534393645633
8005,0.6867264749144908,0.011476278295875093,0.30179724678963404
8006,0.6059818389691024,0.092914423506485,0.30110373752441266
8007,0.7660873692253809,0.01828423677163173,0.2156283940029875
8008,1.0,0.0,0.0
8009,0.6908969456739106,0.024409760316291967,0.28469329400979737
8010,0.9086778350725417,0.038676440040079176,0.05264572488737913
8011,0.718816360120708,0.04111839111839112,0.2400652487609009
8012,0.8633535759968366,0.006472634508348793,0.1301737894948145
8013,0.3269136500142299,0.05549182470235101,0.6175945252834191
8014,0.8522283976236643,0.015398056110408514,0.13237354626592715
8015,0.9520498485907292,0.009876543209876543,0.03807360819939436
8016,0.976258309591643,0.0024691358024691358,0.02127255460588794
8017,0.6639972374246728,0.011859760714826594,0.3241430018605008
8018,0.5269227104386236,0.037592583473809324,0.435484706087567
8019,0.9580465202220733,0.010151162790697674,0.031802316987229066
8020,0.7951040370486094,0.01547929634430703,0.18941666660708356
8021,0.18286691643981262,0.008944335871689467,0.8081887476884979
8022,0.2089320264208751,0.017775234633787267,0.7732927389453376
8023,0.6112870035918051,0.024119184863076508,0.36459381154511833
8024,0.8546069288370735,0.01588206261010296,0.12951100855282366
8025,0.09538493227146323,0.016772323565093943,0.8878427441634429
8026,0.961055376696133,0.001176470588235294,0.037768152715631706
8027,0.9783754761498663,0.0,0.021624523850133606
8028,0.03015423119705656,0.012673269444682125,0.9571724993582613
8029,0.004007936507936507,0.0022727272727272726,0.9937193362193362
8030,0.93208343243247,0.005479452054794521,0.06243711551273545
8031,0.8089616838695974,0.04725989140208895,0.14377842472831365
8032,0.9189038537896789,0.006122448979591836,0.07497369723072922
8033,0.14343764078421498,0.16376849820604866,0.6927938610097363
8034,0.3576979867764126,0.05926373602443935,0.583038277199148
8035,0.92723127621131,0.014328499912068407,0.05844022387662172
8036,0.8662858967402925,0.07485994269779103,0.05885416056191632
8037,0.3021811988701322,0.07566526340322431,0.6221535377266435
8038,0.5415978941873199,0.028155170849927996,0.430246934962752
8039,0.12932327363737817,0.04400344934238989,0.8266732770202319
8040,0.34221150103782005,0.12123807279858263,0.5365504261635973
8041,0.27426441872245994,0.06510178110709036,0.6606338001704498
8042,0.06096001960106077,0.015253208252602925,0.9237867721463363
8043,0.9066956262128676,0.0036363636363636364,0.08966801015076878
8044,0.06340601159492136,0.0,0.9365939884050786
8045,0.10834789523442619,0.029735286528056903,0.861916818237517
8046,0.7930244868132273,0.0038585680751173712,0.20311694511165518
8047,0.9507037449318926,0.010425020048115477,0.03887123501999203
8048,0.8613508191406855,0.012513191584551627,0.12613598927476283
8049,0.556752652239104,0.04877569132661,0.39447165643428606
8050,0.6817856162137079,0.008674397816335978,0.3095399859699562
8051,0.10972482361644924,0.019138732416043337,0.8711364439675074
8052,0.9663369916668827,0.007939998846481921,0.025723009486635418
8053,0.15318960596054193,0.02168142869035726,0.8251289653491007
8054,0.7046615507795538,0.0025478740668614087,0.2927905751535848
8055,0.4827323791400181,0.04832026543541207,0.4689473554245698
8056,0.8982093433863774,0.009571508132096345,0.0922191484815262
8057,0.8630282528471092,0.010269654202434647,0.12670209295045612
8058,0.7879563710816138,0.05467630974523911,0.15736731917314697
8059,0.44895369907970206,0.02901161007329468,0.5220346908470033
8060,0.2780228994240056,0.20124395277609017,0.5207331477999042
8061,0.42252327993465855,0.054912664170177164,0.5225640558951643
8062,0.3144721630346762,0.03514295494027656,0.6503848820250472
8063,0.9783906882591094,0.005951417004048583,0.015657894736842103
8064,0.030701525054466234,0.03098642074790342,0.9383120541976304
8065,0.8688104877804786,0.04253974576111743,0.08864976645840406
8066,0.939658988278036,0.012247532009436771,0.04809347971252733
8067,0.09747576368166118,0.05184668543741548,0.8506775508809232
8068,0.8516571856423862,0.045664201145442944,0.10267861321217082
8069,0.9099722842644177,0.006650073013613804,0.08337764272196846
8070,0.9900585750370177,0.0,0.009941424962982318
8071,0.8834064170760442,0.014855780381678682,0.10173780254227723
8072,0.9122967791194728,0.03325693572620452,0.054446285154322684
8073,0.9814114832535885,0.0015151515151515152,0.01707336523125997
8074,0.9028738515717574,0.008733616665647485,0.08839253176259514
8075,0.8443870640573629,0.02727750634703291,0.12833542959560434
8076,0.9601623445307655,0.011182186234817813,0.028655469234416604
8077,0.06455481724953073,0.023427040593101932,0.9120181421573672
8078,0.25358583687123987,0.07768255506329161,0.6687316080654686
8079,0.8711458701743087,0.021992286115007014,0.10686184371068438
8080,0.9505703309692672,0.0076832151300236405,0.041746453900709225
8081,0.9244643848134224,0.00947945205479452,0.06605616313178307
8082,0.8039139819514031,0.024847968172776357,0.17123804987582075
8083,0.11157806330334064,0.07534015934444013,0.8130817773522192
8084,0.06134224148308655,0.009067969067969067,0.9295897894489444
8085,0.8996904099759243,0.049919573516437096,0.05039001650763854
8086,0.033514575916172254,0.0029850746268656717,0.9635003494569621
8087,0.8292593514505567,0.020247006256058263,0.15049364229338508
8088,0.7408237495475041,0.01626934235976789,0.24290690809272814
8089,0.5502278859162174,0.03206373803498479,0.4177083760487978
8090,0.001282051282051282,0.011104636104636103,0.9876133126133126
8091,0.960250308478759,0.010294376872906751,0.02945531464833422
8092,0.016105006105006103,0.0,0.9838949938949939
8093,0.8081719913925781,0.08454427691963723,0.10728373168778485
8094,0.16971525315056277,0.1997708338599984,0.6305139129894388
8095,0.18721804981038498,0.22797669471015275,0.5848052554794623
8096,0.6808235432774312,0.02175794690718635,0.2974185098153825
8097,0.3699809524775591,0.05491914872701555,0.5750998987954253
8098,0.5607907269459157,0.07041314647505933,0.368796126579025
8099,0.8301470270790723,0.006427766104648183,0.16342520681627942
8100,0.023669467787114845,0.0,0.9763305322128852
8101,0.5510235823036297,0.026646979162708733,0.4223294385336615
8102,0.4494640511766059,0.11108162050892764,0.43945432831446646
8103,0.4033419471861871,0.12378735959224282,0.47287069322157
8104,0.5802038439860352,0.031934975581744636,0.3878611804322201
8105,0.012506717420510524,0.0018181818181818182,0.9856751007613077
8106,0.9913978494623656,0.005376344086021506,0.0032258064516129032
8107,0.010576923076923078,0.0028846153846153848,0.9865384615384615
8108,0.9507759432685543,0.030190981432360743,0.01903307529908515
8109,0.8493482071478645,0.008616239825292834,0.1420355530268425
8110,0.9591571023949751,0.03621284277771712,0.004630054827307896
8111,0.5198850165232559,0.16309126253564923,0.3170237209410948
8112,0.7765822953580164,0.007152175938868697,0.2162655287031149
8113,0.04782775020678247,0.030310776812792938,0.9218614729804246
8114,0.12768101420503572,0.24741660816609978,0.6249023776288645
8115,0.9037408193318391,0.004082039028275588,0.09217714163988533
8116,0.7282331941437261,0.058832357246940546,0.21293444860933328
8117,0.24979765827837844,0.050130181122782703,0.7000721605988389
8118,0.60823712936332,0.10430395920146182,0.28745891143521823
8119,0.6098583850671953,0.04088051871757854,0.34926109621522633
8120,0.9861455581150599,0.0,0.013854441884940056
8121,0.5220913916391442,0.053849828649386644,0.4240587797114691
8122,0.9416713083959433,0.009884586746090841,0.048444104857966006
8123,0.9948275862068966,0.0034482758620689655,0.0017241379310344827
8124,0.4118379158601666,0.05710714994230631,0.531054934197527
8125,0.8749023598281702,0.020447908529465444,0.10464973164236416
8126,0.6849269609061931,0.04518843650986284,0.269884602583944
8127,0.19584384963695306,0.04562972468144882,0.7585264256815981
8128,0.5232401014679631,0.1311675714570933,0.3455923270749436
8129,0.9427956901254774,0.023837061283869795,0.03336724859065285
8130,0.5157203811529006,0.08633504754087593,0.3979445713062234
8131,0.011355319612572605,0.01818181818181818,0.9704628622056092
8132,0.7424364718298959,0.02750128196604264,0.23006224620406152
8133,0.868754773746541,0.04152702970023194,0.08971819655322699
8134,0.47697857695600865,0.07186249461338921,0.4511589284306021
8135,0.02311605022159393,0.009965131606922651,0.9669188181714834
8136,0.04378108530934655,0.06328539003093428,0.8929335246597191
8137,0.49264065133810114,0.023942689544706817,0.4834166591171921
8138,0.12413548318202414,0.02898451125741407,0.8468800055605618
8139,0.1944796862779478,0.01590586128931924,0.7896144524327329
8140,0.7267102437792092,0.044312956417151994,0.22897679980363866
8141,0.9883720930232558,0.0,0.011627906976744186
8142,0.9061576772679393,0.05675727761242326,0.03708504511963747
8143,0.9975903614457831,0.0,0.0024096385542168677
8144,0.3446549737082516,0.03323458059857667,0.6221104456931718
8145,0.880009138308439,0.014326419092227056,0.10566444259933408
8146,0.7637970895809525,0.015263157894736843,0.22093975252431058
8147,0.4418866809010814,0.09643053493720215,0.46168278416171643
8148,0.8313985542622302,0.013596371882086167,0.15500507385568363
8149,0.8602120332653355,0.023062245365241894,0.11672572136942257
8150,0.900244947523636,0.006181818181818182,0.09357323429454577
8151,0.10120844409669058,0.013912491341491574,0.8848790645618176
8152,0.8661479099830185,0.0427955190611235,0.09105657095585795
8153,0.8194868159864759,0.03121367096144189,0.14929951305208228
8154,0.9239010521248737,0.020077346006895907,0.056021601868230284
8155,0.2638431378764348,0.06451949828912969,0.6716373638344355
8156,0.9739091006381766,0.0053081892788545484,0.02078271008296862
8157,0.8179423210149205,0.0030204081632653063,0.17903727082181414
8158,0.9837058823529411,0.0020833333333333333,0.014210784313725489
8159,0.38290190294345805,0.06769328256509449,0.5494048144914474
8160,0.7080457662154942,0.03217154275966773,0.25978269102483814
8161,0.9700800087305594,0.004545454545454545,0.025374536723985923
8162,0.43999232314829273,0.13712545787853214,0.42288221897317513
8163,0.31462773476477546,0.07232516587829399,0.6130470993569305
8164,0.8654058477531403,0.0807230347061564,0.05387111754070315
8165,0.035576823321921365,0.010282186948853616,0.9541409897292251
8166,0.47602497968477786,0.017733240608991514,0.5062417797062305
8167,0.44947289205195845,0.1022381967079368,0.4482889112401048
8168,0.6470957486057245,0.014783459937650442,0.33812079145662505
8169,0.8321951600663606,0.009100758396533045,0.1587040815371063
8170,0.7030127416335373,0.07640921345084592,0.22057804491561667
8171,0.12611577742880714,0.017640080505281725,0.856244142065911
8172,0.07920198403240866,0.033127985684559255,0.887670030283032
8173,0.7195202092139408,0.035987451946504954,0.24449233883955426
8174,0.9617207527815778,0.005574576341708423,0.03270467087671389
8175,0.9252319199866756,0.017546994934930442,0.05722108507839411
8176,0.7543269163445709,0.021171755104870453,0.2245013285505586
8177,0.4278554624197297,0.057992182877968645,0.5141523547023017
8178,0.4201951831625566,0.10002789472164311,0.47977692211580025
8179,0.6872114149838421,0.027409135337524083,0.2853794496786338
8180,0.23163274210085497,0.22082212692263767,0.5475451309765075
8181,0.16089910543341918,0.04669854473776043,0.7924023498288204
8182,0.9841101195539539,0.005041217501585289,0.010848662944460769
8183,0.4769299336987716,0.08363944937051518,0.4394306169307132
8184,0.761431776677348,0.03038273631338557,0.2081854870092666
8185,0.9803042601717833,0.0,0.019695739828216742
8186,0.7353827638909574,0.056086614406856264,0.20853062170218642
8187,0.2499830148413303,0.19496682844755228,0.5550501567111175
8188,0.9151121569155183,0.002173913043478261,0.08271393004100354
8189,0.18308185358294038,0.17615729521777754,0.6407608511992822
8190,0.22721990033951175,0.2504894970486925,0.5222906026117957
8191,0.9628297582922878,0.002531645569620253,0.03463859613809198
8192,0.8610566538774378,0.02721598226212037,0.11172736386044173
8193,0.8863934691175265,0.012347797393169444,0.1012587334893041
8194,0.8978433442183154,0.020445785248337133,0.08171087053334751
8195,0.9246814994452686,0.006485260770975057,0.06883323978375641
8196,0.9414003160970876,0.014991987179487179,0.04360769672342507
8197,0.8432638943036352,0.008962313911071674,0.14777379178529298
8198,0.6251372791470626,0.05619166873066088,0.3186710521222764
8199,0.9693262359707573,0.014072731418148654,0.01660103261109395
8200,0.9842876254180603,0.004205128205128206,0.011507246376811595
8201,0.18911814546951183,0.012223024396279631,0.7986588301342085
8202,0.37204129137302405,0.059401275666297694,0.5685574329606782
8203,0.9456313649039828,0.02092277601830909,0.03344585907770814
8204,0.2853187302896558,0.06300156895811845,0.6516797007522258
8205,0.9334669715830792,0.0,0.06653302841692088
8206,0.18252323098686993,0.025479921776931737,0.7919968472361983
8207,0.961055376696133,0.001176470588235294,0.037768152715631706
8208,0.08698470213369368,0.04285124439646235,0.8701640534698439
8209,0.16195364462796288,0.04247824150486831,0.7955681138671687
8210,0.828212045236232,0.012977484472049688,0.1588104702917183
8211,0.509235276226587,0.07842281231953525,0.41234191145387766
8212,0.9631976744186046,0.0025,0.03430232558139535
8213,0.9528352464894988,0.007045692361353331,0.0401190611491478
8214,0.0044299201161946255,0.01313456889605157,0.9824355109877538
8215,0.9682060852104067,0.01009079797450672,0.02170311681508643
8216,0.9080241627151325,0.0041867644221493345,0.08778907286271806
8217,0.47105571638325305,0.04464139378549148,0.48430288983125563
8218,0.09175748251965152,0.07865629084220793,0.8295862266381405
8219,0.9405403012264596,0.033188582840388156,0.026271115933152255
8220,0.9247998490176211,0.0058823529411764705,0.06931779804120229
8221,0.504765742824099,0.04770222844266837,0.4475320287332326
8222,0.24629952050292245,0.02574439762433779,0.7279560818727399
8223,0.6992596989988605,0.07770582491127337,0.22303447608986615
8224,0.6919871002591661,0.06888841067199185,0.23912448906884198
8225,0.24558812135501928,0.09479093016660903,0.6596209484783717
8226,0.0017857142857142857,0.0022727272727272726,0.9959415584415584
8227,0.9803896576849958,0.003659638554216868,0.015950703760787298
8228,0.9406571139612654,0.01242263483642794,0.04692025120230683
8229,0.24695411958508515,0.05154437114235623,0.7015015092725586
8230,0.3271060933985347,0.19475345045485948,0.4781404561466058
8231,0.6624601264133673,0.13181569681196284,0.2057241767746698
8232,0.48113940835720187,0.10828712134125702,0.4105734703015411
8233,0.032886163458072624,0.011332513855642535,0.955781322686285
8234,0.9893818849449204,0.0,0.01061811505507956
8235,0.2865830449369153,0.07312364308061804,0.6402933119824668
8236,0.154337334156108,0.03383171802535876,0.8118309478185332
8237,0.7720211730458767,0.01686665002401468,0.21111217693010859
8238,0.220041792974847,0.015673279448929246,0.7642849275762236
8239,0.11845975544367945,0.1984364991055711,0.6831037454507495
8240,0.6711346005132237,0.0711551592064887,0.2577102402802876
8241,0.01386143818334735,0.010050462573591254,0.9760880992430614
8242,0.8271244122203321,0.03146854379830329,0.14140704398136478
8243,0.6343771982342219,0.06778032202541473,0.2978424797403634
8244,0.987000768049155,0.0016129032258064516,0.011386328725038402
8245,0.9542266694588752,0.006737300866466138,0.03903602967465879
8246,0.4510177138455245,0.05087675931298765,0.49810552684148773
8247,0.93510080189326,0.011728798597478919,0.053170399509261244
8248,0.9944319600499376,0.0,0.005568039950062422
8249,0.8725258310871519,0.02952500748727164,0.09794916142557653
8250,0.9448042409998931,0.028534110939002245,0.026661648061104583
8251,0.8673011890463169,0.007553718950292799,0.12514509200339025
8252,0.6324167049711704,0.022410224695938983,0.34517307033289063
8253,0.9291704363918634,0.012122448979591836,0.058707114628544985
8254,0.8772126346167506,0.014459890842936762,0.10832747454031266
8255,0.3258905953200604,0.18604754431186546,0.4880618603680742
8256,0.7896656717928483,0.04021842478215319,0.17011590342499858
8257,0.8854640852961904,0.0698678219858309,0.04466809271797864
8258,0.02303911987680644,0.0029850746268656717,0.9739758054963279
8259,0.021363769388352355,0.03216874628639334,0.9464674843252544
8260,0.9391935376631025,0.015271192088875684,0.04553527024802185
8261,0.80390429260661,0.05325129658125333,0.14284441081213664
8262,0.5311906516270922,0.030145643198609302,0.43866370517429837
8263,0.9018930189120251,0.048020493245511484,0.05008648784246331
8264,0.9414772899349961,0.0,0.05852271006500389
8265,0.7471905854880245,0.04304335275387288,0.20976606175810258
8266,0.0,0.0,1.0
8267,0.9194470068272885,0.036045228636777935,0.044507764535933546
8268,0.7956062549399232,0.033621342756858165,0.17077240230321877
8269,0.9468387716085085,0.005555555555555555,0.047605672835935996
8270,0.6380165138519176,0.04754347826086956,0.3144400078872128
8271,0.9619803476946334,0.004081632653061224,0.03393801965230537
8272,0.9616906606316196,0.0,0.03830933936838048
8273,0.8404894039005054,0.018103945566734385,0.14140665053276008
8274,0.6789120430869116,0.05319025802460653,0.26789769888848186
8275,0.12001895008632116,0.0973436000383808,0.7826374498752979
8276,0.12091283157628027,0.020555719582346386,0.8585314488413733
8277,0.898637351058446,0.010610573328661676,0.09075207561289231
8278,0.8661438338874833,0.011013999192354287,0.12284216692016243
8279,0.8773526551364341,0.0038585680751173712,0.11878877678844857
8280,0.056745297136449116,0.06339494646693951,0.8798597563966114
8281,0.66085836739377,0.021253153939727154,0.31788847866650277
8282,0.9551920120381652,0.016292821250955825,0.028515166710878927
8283,0.9238184731934732,0.004,0.07218152680652681
8284,0.9252773624732772,0.0074626791455709735,0.06725995838115184
8285,0.32035530616497343,0.047370328286126716,0.6322743655488999
8286,0.9988764044943821,0.0,0.0011235955056179774
8287,0.8366174082844784,0.014346371882086168,0.14903621983343532
8288,0.9860975310409721,0.006654120727391741,0.007248348231636223
8289,0.4904277262267153,0.02213421249582087,0.48743806127746386
8290,0.2968692550620053,0.03457339146098384,0.6685573534770108
8291,0.5049175952351598,0.014618188388179415,0.48046421637666087
8292,0.7958118198289673,0.01735770193805327,0.18683047823297927
8293,0.8163429777660092,0.006,0.17765702223399077
8294,0.9033630241344026,0.013742652734975718,0.08289432313062164
8295,0.9884130583167501,0.004576376004947433,0.007010565678302436
8296,0.6566742574276374,0.15663003832772826,0.18669570424463444
8297,0.8265351870773777,0.004483568075117371,0.16898124484750474
8298,0.9785359077500029,0.002325581395348837,0.019138510854648322
8299,0.8744705830320971,0.03603773037588242,0.08949168659202045
8300,0.9003111315363345,0.021510266538557348,0.07817860192510823
8301,0.6829025147269283,0.014016183535170878,0.3030813017379009
8302,0.3088733653123323,0.05461105757259092,0.6365155771150769
8303,0.8553062086606218,0.008326910805592157,0.1363668805337861
8304,0.07519661133573492,0.07911423874873177,0.8456891499155332
8305,0.7684202177705406,0.005555555555555555,0.22602422667390396
8306,0.9049142283995225,0.002702702702702703,0.09238306889777478
8307,0.051501249690159456,0.0,0.9484987503098405
8308,0.873791544878137,0.0042661767707695445,0.12194227835109342
8309,0.09877017666105226,0.019879783224097648,0.8813500401148502
8310,0.7790756367964606,0.002666666666666667,0.21825769653687271
8311,0.910408468490566,0.0050526315789473685,0.08453889993048663
8312,0.8489373377544972,0.03867828650537593,0.11238437574012691
8313,0.9583681494910055,0.005787198438153675,0.035844652070840886
8314,1.0,0.0,0.0
8315,0.8359587274132995,0.027782555453116115,0.13625871713358437
8316,0.8726687532057703,0.036802739097439155,0.09052850769679062
8317,0.6374348993674408,0.08500950967751206,0.2775555909550472
8318,0.5094547699376653,0.0871391863369267,0.40340604372540795
8319,0.024762072200981974,0.02494949494949495,0.9502884328495231
8320,0.9512473902908685,0.009862977602108036,0.03888963210702341
8321,0.7121663591784356,0.02787418589300062,0.25995945492856376
8322,0.4702388756703456,0.08423996854655083,0.4455211557831035
8323,0.0,0.0,1.0
8324,0.0608883647657424,0.014770035235574491,0.9243415999986831
8325,0.9988764044943821,0.0,0.0011235955056179774
8326,0.9818181818181818,0.0,0.01818181818181818
8327,0.9326208970858583,0.031524314765694075,0.035854788148447767
8328,0.051501249690159456,0.0,0.9484987503098405
8329,0.9422541356032788,0.004545454545454545,0.05320040985126664
8330,0.5128323356783182,0.0368637899595577,0.45030387436212393
8331,0.9251816530477821,0.014460962751038276,0.06035738420117961
8332,0.5759427097248295,0.17646685256614533,0.24759043770902509
8333,0.81865233231528,0.004918414918414918,0.1764292527663051
8334,0.8667928950447786,0.0046765021250393685,0.1285306028301819
8335,0.9099883514769506,0.004353741496598639,0.0856579070264506
8336,0.5297045590571802,0.04206566150724668,0.4282297794355731
8337,0.4056341673167713,0.01740942568534805,0.5769564069978805
8338,0.9488457059962568,0.0013333333333333335,0.04982096067040988
8339,0.34360946807212644,0.05976483308774668,0.596625698840127
8340,0.8811642027705027,0.014348069378267225,0.1044877278512301
8341,0.9190350641198097,0.009673396566476724,0.07129153931371339
8342,0.9688717038539554,0.010801217038539554,0.020327079107505072
8343,0.7642340137252928,0.012325581395348837,0.2234404048793584
8344,0.07079049750833288,0.022789015018959736,0.9064204874727073
8345,0.9621642098258653,0.010281609195402299,0.027554180978732513
8346,0.3656518016833338,0.04158719322100305,0.5927610050956631
8347,0.5109233625373699,0.06263428616565067,0.42644235129697927
8348,0.4794213578837267,0.12467558170851478,0.3959030604077585
8349,0.9470568701074,0.006514546116954245,0.04642858377564573
8350,0.7548790603793074,0.014473369954621448,0.2306475696660711
8351,0.562746274312875,0.02836503947247393,0.408888686214651
8352,0.8952245350194857,0.011173913043478262,0.09360155193703604
8353,0.06876070519127431,0.024770035235574493,0.9064692595731513
8354,0.021675712347354138,0.022727272727272728,0.9555970149253732
8355,0.979964221824687,0.0,0.02003577817531306
8356,0.41869228872003567,0.022759462759462758,0.5585482485205014
8357,0.12971437128204039,0.027169770186708315,0.8431158585312513
8358,0.07580507694420054,0.10970065850181818,0.8144942645539814
8359,0.9607067510548524,0.002531645569620253,0.03676160337552743
8360,0.9276145286563073,0.014825581395348836,0.0575598899483438
8361,0.5740319908937259,0.022324333868031537,0.4036436752382427
8362,0.8681750612075145,0.024378308457145885,0.10744663033533952
8363,0.34802852790608513,0.025431818702877824,0.6265396533910371
8364,0.893939029192579,0.056672214420693125,0.04938875638672799
8365,0.7351606048854771,0.01744309404815993,0.24739630106636312
8366,0.830429002487377,0.006962313911071674,0.16260868360155128
8367,0.6272105775128003,0.024158788871407502,0.3486306336157922
8368,0.9283298235378841,0.005387988096120648,0.06628218836599536
8369,0.48038090956463975,0.018709781225186982,0.5009093092101733
8370,0.7882467223048503,0.02993271049643891,0.18182056719871093
8371,0.8440167863366271,0.009011519881085098,0.1469716937822877
8372,0.003125,0.0022222222222222222,0.9946527777777778
8373,0.10387832891955526,0.02804933604921442,0.8680723350312303
8374,0.2410085697417163,0.02187230057983993,0.7371191296784437
8375,0.9307662784152273,0.004561403508771929,0.06467231807600084
8376,0.18462174281330246,0.027337826364453165,0.7880404308222444
8377,0.5592296518372877,0.07694886201054067,0.36382148615217164
8378,0.8933529393526747,0.016213374274738353,0.09043368637258707
8379,0.9379865550481989,0.015851851851851853,0.04616159309994926
8380,0.8936438082686993,0.010902186421173762,0.09545400531012709
8381,0.969078947368421,0.005219298245614035,0.025701754385964913
8382,0.864528564323515,0.011173913043478262,0.12429752263300675
8383,0.864932184726779,0.01563158394214309,0.11943623133107788
8384,0.9561619390782428,0.0,0.04383806092175735
8385,0.1141420928657388,0.05678726101718708,0.829070646117074
8386,0.3080067408641013,0.041614611659003944,0.6503786474768948
8387,0.9902882483370288,0.0,0.009711751662971174
8388,0.6326286294856466,0.022622222487443562,0.3447491480269097
8389,0.5736076711697772,0.04079811524101584,0.3855942135892071
8390,0.09265913834348434,0.026122942463367993,0.8812179191931475
8391,0.6508506290985928,0.028300377815495013,0.3208489930859122
8392,0.8405762529191255,0.0617185233067586,0.09770522377411592
8393,0.9256343746440663,0.017131221719457013,0.057234403636476604
8394,0.6900957144483104,0.037014229937917295,0.2728900556137722
8395,0.33702627700716276,0.0927672030005741,0.5702065199922631
8396,0.8877463096603,0.012743034226224002,0.09951065611347588
8397,0.9860476663356504,0.002631578947368421,0.011320754716981133
8398,0.9950478468899522,0.0,0.004952153110047847
8399,0.8486401701106127,0.01724864582007439,0.134111184069313
8400,0.05495041653667297,0.01288685577469523,0.9321627276886317
8401,0.5170589187772789,0.13537660604386795,0.3475644751788532
8402,0.3579032645509854,0.048981948716903534,0.5931147867321112
8403,0.1080778519922799,0.1323826022677431,0.7595395457399771
8404,0.7629033514574282,0.010473970473970473,0.22662267806860137
8405,0.318065491643923,0.040062315307413346,0.6418721930486637
8406,0.7585265845681887,0.0057083333333333335,0.23576508209847793
8407,0.9601625142632425,0.009588717934200531,0.030248767802556985
8408,0.7385590908367424,0.018109760714826596,0.24333114844843107
8409,0.11740338313444074,0.023396561554603255,0.859200055310956
8410,0.5181437330385854,0.10975776688848522,0.37209850007292944
8411,0.9116508041827729,0.013333333333333332,0.07501586248389394
8412,0.17367234992841224,0.031834406992266744,0.794493243079321
8413,0.04320545421042934,0.036404040404040404,0.9203905053855304
8414,0.9199540502036638,0.011894776972931757,0.0681511728234043
8415,0.7894827912004936,0.025932710496438905,0.18458449830306758
8416,0.8965555250019321,0.01653322867608582,0.0869112463219821
8417,0.36614847554995783,0.016736230945317274,0.6171152935047248
8418,0.5909507745137704,0.0264136927498272,0.38263553273640233
8419,0.04491199260596055,0.0028169014084507044,0.9522711059855886
8420,0.7702234294098801,0.0024115296803652966,0.2273650409097546
8421,0.32954690766006545,0.12176851720782444,0.5486845751321101
8422,0.9532443600319646,0.010294376872906751,0.03646126309512866
8423,0.785154228616612,0.004145444255800793,0.21070032712758707
8424,0.6227210566739879,0.11207574974667292,0.2652031935793392
8425,0.6380421287534597,0.016360861561818995,0.3455970096847213
8426,0.10200121624224343,0.10166253814877388,0.7963362456089826
8427,0.46070090133966346,0.10639436248366951,0.4329047361766669
8428,0.9398799171842651,0.007855072463768115,0.052265010351966866
8429,0.9738764044943821,0.0,0.02612359550561798
8430,0.8430758632264084,0.0619277577799082,0.09499637899368356
8431,0.24818369165942483,0.03858037795928583,0.7132359303812892
8432,0.5061504697509944,0.08985287485142882,0.40399665539757673
8433,0.8152080623864275,0.028329293629690395,0.156462643983882
8434,0.15266995735665495,0.03689727154254356,0.8104327711008015
8435,0.9161332390383208,0.024862585816820097,0.059004175144859006
8436,0.6201230900237783,0.050500037307724524,0.32937687266849724
8437,0.08572905837069958,0.013601841196777906,0.9006691004325225
8438,0.9819540229885059,0.012896551724137931,0.005149425287356322
8439,0.22047417759811855,0.05011464090153099,0.7294111815003504
8440,0.783241975026058,0.031174029917486634,0.1855839950564553
8441,0.6940512399342496,0.007035053554040896,0.29891370651170956
8442,0.9280789215034998,0.019910481321991472,0.05201059717450858
8443,0.9287175389009853,0.0,0.07128246109901462
8444,0.9072191244976274,0.011009417569766871,0.08177145793260561
8445,0.9808577998158075,0.005984496124031008,0.013157704060161382
8446,0.8485163651935765,0.011308550071029756,0.1401750847353935
8447,0.12909306242146124,0.17951011750390947,0.6913968200746291
8448,0.8677015299043014,0.0035676652115008284,0.1287308048841977
8449,0.3500271518454875,0.09536066271899947,0.554612185435513
8450,0.8287174829365904,0.04449760765550239,0.12678490940790713
8451,0.9456445166680592,0.0028169014084507044,0.051538581923490236
8452,1.0,0.0,0.0
8453,0.7832558375275949,0.015794867598991312,0.20094929487341381
8454,0.5702194981316648,0.046847955196684145,0.382932546671651
8455,0.2105026487630449,0.015293542220895818,0.7742038090160592
8456,0.549898780997094,0.04050725425049219,0.4095939647524138
8457,0.8577548428705679,0.013702281392126536,0.12854287573730555
8458,0.38250731187352693,0.12401344825072821,0.4934792398757448
8459,0.9388291453508844,0.0013513513513513514,0.059819503297764164
8460,0.9411651430684472,0.0186839481555334,0.04015090877601936
8461,0.07709454431232546,0.03317077285982179,0.8897346828278527
8462,0.9719791544407371,0.0033782129742962056,0.02464263258496672
8463,0.41018067020470683,0.03811758281057449,0.5517017469847187
8464,0.8253056657094288,0.03770903719134194,0.1369852970992293
8465,0.36921150676223263,0.025882453745860023,0.6049060394919072
8466,0.7194072751216687,0.06455578625047931,0.21603693862785195
8467,0.9321649597495532,0.007598566308243728,0.06023647394220323
8468,0.35716376488545426,0.08177566598842467,0.561060569126121
8469,0.1610147651042204,0.04232211143105695,0.7966631234647227
8470,0.6548158542940193,0.012267206477732794,0.3329169392282479
8471,0.9745906715531575,0.0015151515151515152,0.02389417693169093
8472,0.9237336890640568,0.03045782684658563,0.04580848408935745
8473,0.970837912087912,0.003061224489795918,0.026100863422292
8474,0.8359353855254955,0.06118144252475329,0.10288317194975119
8475,0.25807441206724613,0.12573875910838786,0.616186828824366
8476,0.9664254297896544,0.0033782129742962056,0.030196357236049486
8477,0.719869525188672,0.0759273331067458,0.20420314170458234
8478,0.7897424642603795,0.0034900916888494526,0.2067674440507711
8479,0.9105198127743698,0.011666666666666667,0.07781352055896348
8480,0.9048369624115022,0.02125886817356872,0.07390416941492907
8481,0.9898811802232854,0.0038333333333333336,0.006285486443381181
8482,0.11110525903420865,0.009399622430139202,0.8794951185356522
8483,0.04943694630205647,0.10081503849160492,0.8497480152063387
8484,0.8797852063680243,0.011695511327556227,0.10851928230441947
8485,0.9739091006381766,0.0053081892788545484,0.02078271008296862
8486,0.037983983039401766,0.010608809180237752,0.9514072077803604
8487,0.7689214460950755,0.022561503857755065,0.2085170500471695
8488,0.9355721201804721,0.011588831233012107,0.05283904858651585
8489,0.40652958897009855,0.06504252144195027,0.5284278895879511
8490,0.204246500575322,0.0461225221151237,0.7496309773095543
8491,0.08308164816443184,0.004904172195193867,0.9120141796403743
8492,0.6629886367934714,0.033247499512476575,0.30376386369405184
8493,0.8370882155034016,0.004225352112676056,0.15868643238392247
8494,0.8387130563824275,0.05219286167967709,0.10909408193789531
8495,0.8380775403923604,0.07688545750147599,0.0850370021061636
8496,0.5589128429503549,0.04732416804462042,0.3937629890050246
8497,0.9430773177971453,0.006,0.05092268220285462
8498,0.06539392459017206,0.008630563336445688,0.9259755120733824
8499,0.9112836201800182,0.016021929824561403,0.07269444999542045
8500,0.7761104996685477,0.020072408671391095,0.20381709166006115
8501,0.8577437688922392,0.004650048990216581,0.13760618211754405
8502,0.1681782321382809,0.020337905128926803,0.8114838627327924
8503,0.749818955322372,0.018586051145221105,0.2315949935324068
8504,0.06996293113825898,0.009067969067969067,0.9209690997937721
8505,0.9907371794871794,0.00125,0.008012820512820512
8506,0.9979591836734695,0.0,0.002040816326530612
8507,0.886190436278814,0.00525,0.10855956372118598
8508,0.7776976851722484,0.029012391460667326,0.1932899233670842
8509,0.959068484251796,0.0036001285760205726,0.03733138717218337
8510,0.7382530398419692,0.11840126372160657,0.14334569643642425
8511,0.8704584579339439,0.02075366378386163,0.1087878782821945
8512,0.020453730272596844,0.004878048780487805,0.9746682209469155
8513,0.45051612271836544,0.06781528164076381,0.48166859564087067
8514,0.2430728137205181,0.025909451602789853,0.7310177346766921
8515,0.8934563765532288,0.0060408163265306125,0.10050280712024054
8516,0.0660675237230235,0.01903355420566791,0.9148989220713085
8517,0.6678189282540726,0.04299284387012582,0.2891882278758015
8518,0.5567362562522711,0.10271365621331559,0.34055008753441324
8519,0.3859220087617406,0.052763652835392416,0.5613143384028669
8520,0.9521407545181898,0.016323498391604706,0.031535747090205526
8521,0.8908767773698649,0.010075268817204303,0.09904795381293077
8522,0.8495755138808245,0.04478295799609798,0.1056415281230774
8523,0.13991310425678474,0.027966159227769134,0.8321207365154463
8524,0.9535912724806208,0.021208305001593826,0.02520042251778537
8525,0.40021673859346507,0.02761960492065347,0.5721636564858816
8526,0.985308458766165,0.0,0.014691541233835065
8527,0.27749466466683276,0.1877435287879567,0.5347618065452105
8528,0.6029084054743283,0.007120582120582121,0.3899710124050895
8529,0.9706436642451672,0.0,0.02935633575483281
8530,0.9443610143608859,0.008711433756805807,0.046927551882308245
